,vm_pu,va_degree,p_mw,q_mvar,lam_p,lam_q,p_from_mw,q_from_mvar,p_to_mw,q_to_mvar,pl_mw,ql_mvar,i_from_ka,i_to_ka,i_ka,vm_from_pu,va_from_degree,vm_to_pu,va_to_degree,loading_percent
0,1.000000000026414,0.0,-3.9176771264437953,-2.4351409709649325,19.999998295665897,9.71333940083025e-07,,,,,,,,,,,,,,
1,0.9970322597557028,0.014481414064116653,0.1,0.06,20.095821653330347,0.05898977239550771,,,,,,,,,,,,,,
2,0.982937983422491,0.09604158128880069,0.09,0.04000000000000001,20.558186478293244,0.35265554799809373,,,,,,,,,,,,,,
3,0.9754564132480764,0.161651448444042,0.12,0.07999999999999999,20.805834714914774,0.5266593337877635,,,,,,,,,,,,,,
4,0.9680592323834151,0.2282853637388369,0.06,0.03,21.054512271060187,0.7027255918211477,,,,,,,,,,,,,,
5,0.9496581774235703,0.13385326254161542,0.06,0.01999999999999999,21.59529238676899,1.0966993283625883,,,,,,,,,,,,,,
6,0.946172613533486,-0.09647403504905712,0.2,0.09999999999999998,21.668537196173943,1.1352352670104762,,,,,,,,,,,,,,
7,0.9413284372461038,-0.060403032415527205,0.20000000000000007,0.09999999999999998,21.86913000680125,1.229427655647122,,,,,,,,,,,,,,
8,0.9350593722085732,-0.13348447977888397,0.06000000000000005,0.020000000000000018,22.10280177006031,1.338868033699447,,,,,,,,,,,,,,
9,0.9292444226210066,-0.19601403034868672,0.06000000000000005,0.020000000000000018,22.3221148050065,1.4436843321221473,,,,,,,,,,,,,,
10,0.9283844171919893,-0.18876106665530665,0.04500000000000004,0.030000000000000027,22.358876231625988,1.4616160912953076,,,,,,,,,,,,,,
11,0.9268848367751324,-0.1772689617498785,0.05999999999999994,0.03500000000000003,22.423469528080535,1.4921527892054383,,,,,,,,,,,,,,
12,0.9207717475806231,-0.2685865188241844,0.06000000000000005,0.03500000000000003,22.656095070476912,1.599454714271031,,,,,,,,,,,,,,
13,0.9185049927975044,-0.34726748878691516,0.1200000000000001,0.07999999999999996,22.733994724679146,1.6338168567318925,,,,,,,,,,,,,,
14,0.9170926801463812,-0.3849502449618446,0.06000000000000005,0.010000000000000009,22.791605738062284,1.6532258978593373,,,,,,,,,,,,,,
15,0.9157247601081636,-0.408204926955125,0.06000000000000005,0.020000000000000018,22.847836124474828,1.6747791040861923,,,,,,,,,,,,,,
16,0.9136975461861282,-0.48547316681087327,0.06000000000000005,0.020000000000000018,22.920525031692673,1.7040229342572975,,,,,,,,,,,,,,
17,0.9130904793901613,-0.4950627345698699,0.09000000000000008,0.040000000000000036,22.94446362182164,1.71466936939527,,,,,,,,,,,,,,
18,0.9965038956811972,0.003650895712041544,0.09000000000000008,0.040000000000000036,20.110861033547966,0.06571868357001276,,,,,,,,,,,,,,
19,0.9929262995580156,-0.06332768294777703,0.09000000000000008,0.040000000000000036,20.214977216915667,0.11220716639758455,,,,,,,,,,,,,,
20,0.992221795847177,-0.08268556174121859,0.09000000000000008,0.040000000000000036,20.23400594063675,0.12067958463418124,,,,,,,,,,,,,,
21,0.9915843768843846,-0.10303313280905979,0.09000000000000008,0.040000000000000036,20.250527019023156,0.1280294378160555,,,,,,,,,,,,,,
22,0.979352257362966,0.0650799593883837,0.09000000000000008,0.050000000000000044,20.67372161529908,0.4090371985015082,,,,,,,,,,,,,,
23,0.9726811009963859,-0.023653926980340342,0.41999999999999993,0.20000000000000007,20.884557443173943,0.5100371216551088,,,,,,,,,,,,,,
24,0.9693561124816698,-0.0673545454525415,0.41999999999999993,0.19999999999999996,20.99125067656552,0.5609435129022783,,,,,,,,,,,,,,
25,0.9477289101600173,0.17330961454708227,0.06000000000000005,0.02499999999999991,21.65661213829214,1.158509322810389,,,,,,,,,,,,,,
26,0.9451651642607265,0.22946315825368707,0.06000000000000005,0.02499999999999991,21.737438875364006,1.2433896479501585,,,,,,,,,,,,,,
27,0.9337255809419592,0.3124091271095977,0.06000000000000005,0.020000000000000018,22.027974817587552,1.5664945045258456,,,,,,,,,,,,,,
28,0.9255074783879869,0.3903144436803789,0.1200000000000001,0.07000000000000006,22.23613932252112,1.8120306432709405,,,,,,,,,,,,,,
29,0.9219500579020431,0.49558559179510053,0.20000000000000018,0.6000000000000001,22.344453480273327,1.9526339756633213,,,,,,,,,,,,,,
30,0.9177888871166222,0.41117769306722957,0.1499999999999999,0.06999999999999984,22.492363131498713,2.026965559221737,,,,,,,,,,,,,,
31,0.9168734657631248,0.38813495996210207,0.20999999999999996,0.10000000000000009,22.52332502807485,2.0430410378788255,,,,,,,,,,,,,,
32,0.9165898221625177,0.3804050663707626,0.06000000000000005,0.040000000000000036,22.531139113272815,2.0482540710377246,,,,,,,,,,,,,,
0,,,,,,,3.9176771264439747,2.435140970964884,-3.905436702214406,-2.428901275316406,0.012240424229568614,0.006239695648478261,0.21036435208349039,0.21036435208349033,0.21036435208349039,1.000000000026414,0.0,0.9970322597557028,0.014481414064116653,0.00021036645574804786
1,,,,,,,3.444299178769227,2.2078224224976317,-3.3925079444622215,-2.1814435605615485,0.051791234307005496,0.026378861936083187,0.18713026978059424,0.18713026978059424,0.18713026978059424,0.9970322597557028,0.014481414064116653,0.982937983422491,0.09604158128880069,0.00018713214110200528
2,,,,,,,2.3628951877112314,1.6842005150910087,-2.3429947112589646,-1.674065409050838,0.01990047645226678,0.01013510604017065,0.1346265036828476,0.1346265036828476,0.1346265036828476,0.982937983422491,0.09604158128880069,0.9754564132480764,0.161651448444042,0.0001346278499613472
3,,,,,,,2.222994711258963,1.5940654090508617,-2.2042957691488225,-1.5845417547250198,0.01869894211014067,0.009523654325841902,0.12788759397281269,0.1278875939728127,0.1278875939728127,0.9754564132480764,0.161651448444042,0.9680592323834151,0.2282853637388369,0.0001278888728615413
4,,,,,,,2.1442957691488282,1.5545417547250382,-2.106047145485719,-1.521523712075687,0.03824862366310944,0.033018042649351154,0.12476860742226392,0.12476860742226391,0.12476860742226392,0.9680592323834151,0.2282853637388369,0.9496581774235703,0.13385326254161542,0.0001247698551208151
5,,,,,,,1.0952673783103637,0.5278877388219181,-1.093352860713204,-0.521559194542418,0.0019145175971597705,0.006328544279500137,0.058386996030655364,0.058386996030655364,0.058386996030655364,0.9496581774235703,0.13385326254161542,0.946172613533486,-0.09647403504905712,5.838757990645442e-05
6,,,,,,,0.893352860713241,0.4215591945424199,-0.8885148956478923,-0.4199603674593956,0.004837965065348726,0.0015988270830243345,0.047611712911106496,0.04761171291110648,0.047611712911106496,0.946172613533486,-0.09647403504905712,0.9413284372461038,-0.060403032415527205,4.761218903299683e-05
7,,,,,,,0.6885148956478444,0.31996036745937867,-0.6843343586536497,-0.3169568748616076,0.004180536994194739,0.0030034925977710514,0.03678212328823007,0.03678212328823007,0.03678212328823007,0.9413284372461038,-0.060403032415527205,0.9350593722085732,-0.13348447977888397,3.6782491113141204e-05
8,,,,,,,0.6243343586536634,0.2969568748616137,-0.6207734444611801,-0.29443285522326346,0.0035609141924832777,0.00252401963835025,0.03371862664819893,0.03371862664819893,0.03371862664819893,0.9350593722085732,-0.13348447977888397,0.9292444226210066,-0.19601403034868672,3.3718963837837306e-05
9,,,,,,,0.5607734444610488,0.2744328552232834,-0.5602197425740963,-0.27424979000124927,0.0005537018869524735,0.0001830652220341511,0.03063977823731012,0.030639778237310115,0.03063977823731012,0.9292444226210066,-0.19601403034868672,0.9283844171919893,-0.18876106665530665,3.06400846381565e-05
10,,,,,,,0.5152197425741379,0.24424979000128885,-0.5143386080970559,-0.24395843196639905,0.0008811344770820462,0.00029135803488980483,0.02800867407809327,0.02800867407809327,0.02800867407809327,0.9283844171919893,-0.18876106665530665,0.9268848367751324,-0.1772689617498785,2.8008954167634945e-05
11,,,,,,,0.454338608097063,0.2089584319663994,-0.4516723723401036,-0.2068606783565301,0.002666235756959401,0.0020977536098693017,0.02460512745792184,0.024605127457921844,0.024605127457921844,0.9268848367751324,-0.1772689617498785,0.9207717475806231,-0.2685865188241844,2.460537351165696e-05
12,,,,,,,0.3916723723400933,0.17186067835652855,-0.39094321059152526,-0.17090089362507707,0.0007291617485680191,0.000959784731451474,0.021184195888576125,0.021184195888576122,0.021184195888576125,0.9207717475806231,-0.2685865188241844,0.9185049927975044,-0.34726748878691516,2.1184407732653453e-05
13,,,,,,,0.27094321059155224,0.09090089362507006,-0.2705862365991852,-0.09058318073169432,0.00035697399236706007,0.00031771289337574615,0.014189396364403117,0.014189396364403117,0.014189396364403117,0.9185049927975044,-0.34726748878691516,0.9170926801463812,-0.3849502449618446,1.4189538259785716e-05
14,,,,,,,0.21058623659917947,0.08058318073167323,-0.2103047699587413,-0.08037763427711234,0.00028146664043815495,0.00020554645456088982,0.011212336329684209,0.011212336329684209,0.011212336329684209,0.9170926801463812,-0.3849502449618446,0.9157247601081636,-0.408204926955125,1.121244845416875e-05
15,,,,,,,0.15030476995878025,0.06037763427712893,-0.15005313586746488,-0.06004166665016713,0.0002516340913153725,0.00033596762696180144,0.00806673245909946,0.00806673245909946,0.00806673245909946,0.9157247601081636,-0.408204926955125,0.9136975461861282,-0.48547316681087327,8.066813127230731e-06
16,,,,,,,0.090053135867474,0.040041666650177186,-0.09000000000001565,-0.040000000000011776,5.313586745835097e-05,4.1666650165410324e-05,0.004919010160135968,0.0049190101601359676,0.004919010160135968,0.9136975461861282,-0.48547316681087327,0.9130904793901613,-0.4950627345698699,4.919059350729475e-06
17,,,,,,,0.36113752344508654,0.16107885281878564,-0.3609765692473037,-0.16092525933126722,0.0001609541977828366,0.00015359348751842195,0.018087085957127127,0.018087085957127127,0.018087085957127127,0.9970322597557028,0.014481414064116653,0.9965038956811972,0.003650895712041544,1.8087266829795423e-05
18,,,,,,,0.2709765692472588,0.12092525933129097,-0.27014439255815165,-0.12017540406974613,0.000832176689107178,0.0007498552615448489,0.013579830635713122,0.013579830635713119,0.013579830635713122,0.9965038956811972,0.003650895712041544,0.9929262995580156,-0.06332768294777703,1.3579966435377475e-05
19,,,,,,,0.18014439255818632,0.08017540406972666,-0.1800436344944435,-0.08005769306192553,0.00010075806374282292,0.00011771100780112731,0.009056331812814825,0.009056331812814823,0.009056331812814825,0.9929262995580156,-0.06332768294777703,0.992221795847177,-0.08268556174121859,9.056422377038595e-06
20,,,,,,,0.09004363449441603,0.04005769306192401,-0.09000000000000591,-0.039999999999982105,4.363449441012468e-05,5.7693061941907486e-05,0.004529620927827872,0.0045296209278278725,0.0045296209278278725,0.992221795847177,-0.08268556174121859,0.9915843768843846,-0.10303313280905979,4.529666224490117e-06
21,,,,,,,0.9396127567510026,0.45724304547051736,-0.9364311276809647,-0.4550690733023157,0.003181629070037939,0.0021739721682016433,0.048481896511280695,0.04848189651128069,0.048481896511280695,0.982937983422491,0.09604158128880069,0.979352257362966,0.0650799593883837,4.8482381335094043e-05
22,,,,,,,0.8464311276809671,0.4050690733023904,-0.8412874523027313,-0.40100740268913077,0.00514367537823579,0.004061670613259627,0.043695627484458134,0.043695627484458134,0.043695627484458134,0.979352257362966,0.0650799593883837,0.9726811009963859,-0.023653926980340342,4.3696064445102585e-05
23,,,,,,,0.4212874523027382,0.20100740268913367,-0.4199999999999896,-0.20000000000000753,0.0012874523027485707,0.0010074026891261356,0.0218852212748403,0.021885221274840303,0.021885221274840303,0.9726811009963859,-0.023653926980340342,0.9693561124816698,-0.0673545454525415,2.1885440129241597e-05
24,,,,,,,0.950779767175184,0.9736359732538198,-0.9481788707034844,-0.9723111816519787,0.0026008964716995875,0.0013247916018410688,0.06535109764481309,0.0653510976448131,0.0653510976448131,0.9496581774235703,0.13385326254161542,0.9477289101600173,0.17330961454708227,6.535175116232473e-05
25,,,,,,,0.8881788707036307,0.9473111816520368,-0.8848498768799176,-0.9456162294835242,0.0033289938237131,0.0016949521685125646,0.06248615914033276,0.06248615914033276,0.06248615914033276,0.9477289101600173,0.17330961454708227,0.9451651642607265,0.22946315825368707,6.248678400817283e-05
26,,,,,,,0.824849876879754,0.920616229483488,-0.813549020574334,-0.9106524811054231,0.011300856305419993,0.009963748378064907,0.05964129557348113,0.05964129557348113,0.05964129557348113,0.9451651642607265,0.22946315825368707,0.9337255809419592,0.3124091271095977,5.964189199240105e-05
27,,,,,,,0.7535490205743128,0.8906524811054085,-0.7457156706239222,-0.8838282520886919,0.007833349950390645,0.006824229016716643,0.05698113592185815,0.056981135921858155,0.056981135921858155,0.9337255809419592,0.3124091271095977,0.9255074783879869,0.3903144436803789,5.698170573891554e-05
28,,,,,,,0.6257156706239796,0.8138282520887155,-0.6218200019147531,-0.811843955810223,0.0038956687092265296,0.0019842962784925033,0.050583905546259446,0.050583905546259446,0.050583905546259446,0.9255074783879869,0.3903144436803789,0.9219500579020431,0.49558559179510053,5.058441139037335e-05
29,,,,,,,0.42182000191465174,0.2118439558102553,-0.42022636381804934,-0.21026896249433974,0.001593638096602401,0.0015749933159155682,0.023348854916918786,0.023348854916918786,0.023348854916918786,0.9219500579020431,0.49558559179510053,0.9177888871166222,0.41117769306722957,2.3349088407802864e-05
30,,,,,,,0.2702263638180465,0.1402689624943015,-0.2700131686195428,-0.14002047507936277,0.00021319519850371282,0.0002484874149387417,0.015128549135009911,0.01512854913500991,0.015128549135009911,0.9177888871166222,0.41117769306722957,0.9168734657631248,0.38813495996210207,1.512870042201413e-05
31,,,,,,,0.060013168619554545,0.04002047507937947,-0.06000000000002181,-0.039999999999976964,1.3168619532738512e-05,2.047507940250437e-05,0.003587833728433628,0.003587833728433627,0.003587833728433628,0.9168734657631248,0.38813495996210207,0.9165898221625177,0.3804050663707626,3.5878696071296998e-06
32,,,,,,,0.0,0.0,0.0,0.0,0.0,0.0,0.0,0.0,0.0,0.992221795847177,-0.08268556174121859,0.9413284372461038,-0.060403032415527205,0.0
33,,,,,,,0.0,0.0,0.0,0.0,0.0,0.0,0.0,0.0,0.0,0.9350593722085732,-0.13348447977888397,0.9170926801463812,-0.3849502449618446,0.0
34,,,,,,,0.0,0.0,0.0,0.0,0.0,0.0,0.0,0.0,0.0,0.9268848367751324,-0.1772689617498785,0.9915843768843846,-0.10303313280905979,0.0
35,,,,,,,0.0,0.0,0.0,0.0,0.0,0.0,0.0,0.0,0.0,0.9130904793901613,-0.4950627345698699,0.9165898221625177,0.3804050663707626,0.0
36,,,,,,,0.0,0.0,0.0,0.0,0.0,0.0,0.0,0.0,0.0,0.9693561124816698,-0.0673545454525415,0.9255074783879869,0.3903144436803789,0.0
